zipcode	population	month	housing_violations	restaurant_violations	restaurant_calls	housing_calls
10001	21102	05	1	190	34	157
10001	21102	07	10	145	31	161
10001	21102	08	28	183	17	132
10002	81410	01	37	195	55	696
10002	81410	02	6	126	70	638
10002	81410	03	7	204	81	501
10002	81410	04	4	174	79	392
10002	81410	05	14	348	96	450
10002	81410	09	4	258	63	385
10002	81410	10	1	213	19	71
10003	56024	01	26	272	74	495
10003	56024	04	6	466	87	338
10003	56024	05	2	436	95	442
10003	56024	06	4	204	83	320
10003	56024	08	1	254	44	289
10003	56024	09	4	305	60	306
10003	56024	10	2	282	20	62
10007	6988	01	2	34	7	17
10009	61347	01	30	68	79	746
10009	61347	02	6	76	102	673
10009	61347	03	4	123	113	508
10009	61347	04	2	120	126	542
10009	61347	05	9	190	94	527
10009	61347	06	8	137	68	441
10009	61347	07	10	86	56	385
10009	61347	08	26	136	45	394
10009	61347	09	4	116	88	353
10009	61347	10	2	127	18	101
10010	31834	01	2	90	15	194
10010	31834	08	4	123	15	116
10011	50984	01	4	131	23	339
10011	50984	03	2	214	47	331
10011	50984	04	7	190	57	289
10011	50984	06	3	184	51	244
10011	50984	07	2	123	32	318
10011	50984	08	5	165	18	306
10011	50984	09	4	218	29	204
10011	50984	10	3	181	5	68
10012	24090	01	27	116	30	308
10012	24090	04	1	141	53	197
10012	24090	06	1	159	55	196
10013	27700	01	5	271	28	138
10013	27700	06	1	228	41	131
10013	27700	08	5	341	18	123
10013	27700	10	1	207	5	32
10014	31959	01	10	124	24	334
10014	31959	02	5	169	32	253
10014	31959	04	26	131	47	224
10014	31959	06	8	163	52	185
10014	31959	07	1	123	36	195
10014	31959	10	10	171	7	41
10016	54183	01	8	194	36	384
10016	54183	04	2	207	48	327
10016	54183	06	1	181	71	219
10016	54183	07	2	190	32	165
10016	54183	08	3	258	24	247
10017	16575	08	1	229	19	30
10018	5229	08	6	170	9	38
10019	42870	01	33	206	83	533
10019	42870	02	3	178	44	420
10019	42870	08	1	262	29	389
10021	43631	01	45	90	23	231
10021	43631	05	1	61	18	164
10021	43631	06	1	32	16	112
10021	43631	07	1	80	17	102
10022	31924	01	10	142	22	166
10022	31924	06	5	138	20	207
10022	31924	07	2	164	17	98
10022	31924	08	8	214	14	93
10023	60998	01	1	39	19	294
10023	60998	05	1	109	13	194
10023	60998	06	11	78	17	134
10023	60998	07	2	73	25	142
10023	60998	08	3	85	6	130
10023	60998	09	3	44	10	99
10024	59283	01	16	58	23	407
10024	59283	07	1	43	11	311
10024	59283	08	15	98	8	220
10024	59283	09	1	56	13	159
10025	94600	01	43	107	16	1000
10025	94600	04	2	116	38	931
10025	94600	05	1	159	37	805
10025	94600	06	15	122	15	621
10025	94600	09	1	91	16	296
10025	94600	10	3	126	3	98
10026	34003	01	28	21	15	636
10026	34003	03	1	44	14	407
10026	34003	06	9	40	17	296
10026	34003	09	2	42	17	238
10027	59707	01	61	31	40	1293
10027	59707	02	5	84	37	921
10027	59707	03	1	72	39	706
10027	59707	04	1	79	26	780
10027	59707	05	4	100	33	632
10027	59707	06	14	63	28	595
10027	59707	07	22	73	15	532
10027	59707	08	6	97	10	731
10027	59707	09	7	77	22	469
10027	59707	10	11	61	1	121
10028	45141	01	27	54	31	310
10028	45141	04	3	125	36	222
10028	45141	05	1	133	40	197
10028	45141	06	3	82	42	165
10028	45141	07	7	60	29	121
10028	45141	08	10	62	15	149
10028	45141	09	6	32	30	115
10028	45141	10	5	133	4	30
10029	76003	01	136	113	31	1134
10029	76003	02	2	89	32	866
10029	76003	03	3	89	69	819
10029	76003	04	18	89	46	716
10029	76003	05	10	102	65	561
10029	76003	06	2	104	23	522
10029	76003	07	15	149	37	555
10029	76003	08	7	135	8	575
10029	76003	09	8	108	25	341
10029	76003	10	8	101	13	129
10030	26999	01	30	16	61	919
10030	26999	02	1	24	19	626
10030	26999	03	1	20	11	558
10030	26999	04	4	14	5	549
10030	26999	06	1	7	12	450
10030	26999	07	1	15	8	474
10030	26999	08	2	9	26	514
10030	26999	09	1	36	23	299
10030	26999	10	2	20	1	123
10031	56438	01	79	38	45	2313
10031	56438	02	21	57	29	1962
10031	56438	03	8	56	39	2044
10031	56438	04	16	31	39	1306
10031	56438	05	14	71	42	1287
10031	56438	06	22	76	22	1453
10031	56438	07	19	85	44	946
10031	56438	08	39	39	21	1111
10031	56438	09	53	65	14	749
10031	56438	10	69	20	4	247
10032	57331	01	184	51	26	1594
10032	57331	02	63	44	9	1495
10032	57331	03	7	46	16	994
10032	57331	04	5	49	17	1068
10032	57331	05	27	85	24	1013
10032	57331	06	13	82	18	771
10032	57331	07	8	54	18	913
10032	57331	08	21	57	13	849
10032	57331	09	11	82	27	544
10032	57331	10	7	48	8	186
10033	53926	01	88	39	19	1700
10033	53926	02	18	50	25	1249
10033	53926	03	1	46	31	928
10033	53926	04	4	33	39	695
10033	53926	05	10	62	12	675
10033	53926	06	5	39	14	545
10033	53926	07	4	59	34	664
10033	53926	08	38	51	8	676
10033	53926	09	12	76	11	501
10033	53926	10	5	48	12	141
10034	38908	01	32	65	58	1518
10034	38908	02	3	41	43	1134
10034	38908	03	5	89	67	1003
10034	38908	04	13	45	41	1083
10034	38908	05	5	17	38	876
10034	38908	06	6	50	45	684
10034	38908	08	20	32	45	684
10034	38908	09	2	29	61	344
10034	38908	10	1	80	5	142
10035	33969	01	51	25	9	624
10035	33969	02	2	64	3	551
10035	33969	03	8	27	7	453
10035	33969	04	7	24	7	436
10035	33969	05	2	15	5	392
10035	33969	06	6	42	7	398
10035	33969	07	2	38	7	468
10035	33969	08	3	49	4	534
10035	33969	09	4	60	5	326
10036	24711	01	1	170	61	365
10036	24711	08	3	245	22	161
10036	24711	10	1	217	17	48
10037	17416	01	9	6	5	376
10037	17416	04	2	9	2	159
10037	17416	06	1	8	4	158
10037	17416	09	4	18	2	111
10038	20300	01	10	32	5	159
10038	20300	03	1	127	14	89
10039	24527	02	12	5	4	457
10039	24527	09	9	5	4	236
10039	24527	10	33	22	1	54
10040	41905	01	29	31	19	1692
10040	41905	05	33	22	19	848
10040	41905	06	14	48	60	551
10040	41905	10	5	19	11	174
10065	32270	01	22	60	9	116
10065	32270	04	1	64	12	162
10065	32270	07	2	65	18	50
10065	32270	08	5	94	4	83
10065	32270	10	4	47	4	13
10075	26121	01	10	69	10	103
10128	60453	01	28	88	13	387
10128	60453	02	1	20	6	400
10128	60453	08	7	66	9	231
10301	39706	04	2	69	1	330
10301	39706	05	5	60	8	351
10303	26337	01	1	9	2	193
10304	42193	02	3	7	23	305
10304	42193	05	3	27	22	243
10304	42193	06	2	39	16	320
10304	42193	07	30	10	6	330
10304	42193	08	7	20	8	295
10304	42193	09	11	3	7	166
10304	42193	10	6	17	2	61
10305	41749	02	1	29	1	65
10307	14096	06	1	23	14	23
10308	27357	03	2	29	8	44
10309	32519	06	1	49	1	101
10310	24962	07	1	16	6	173
10312	59304	07	1	21	3	136
10451	45713	02	1	60	5	1091
10451	45713	03	1	43	5	1079
10451	45713	05	1	107	15	558
10451	45713	06	2	57	10	376
10451	45713	09	1	94	3	310
10451	45713	10	6	44	3	162
10452	75371	01	15	81	18	2082
10452	75371	02	8	72	4	1811
10452	75371	03	14	53	11	1454
10452	75371	04	3	21	4	1221
10452	75371	05	3	26	10	1153
10452	75371	06	5	45	2	1080
10452	75371	07	8	61	9	1071
10452	75371	08	21	96	1	1205
10452	75371	09	7	60	2	974
10452	75371	10	22	40	2	271
10453	78309	01	15	44	14	3176
10453	78309	02	63	48	16	2809
10453	78309	03	21	61	9	1885
10453	78309	04	9	47	13	1617
10453	78309	05	6	42	24	1473
10453	78309	06	11	23	27	1262
10453	78309	07	27	47	33	1254
10453	78309	08	27	83	17	1432
10453	78309	09	18	45	15	749
10453	78309	10	36	45	4	255
10454	37337	01	9	35	6	592
10454	37337	02	5	39	4	598
10454	37337	03	7	42	5	364
10454	37337	07	16	11	7	477
10454	37337	09	15	45	3	276
10455	39665	01	5	45	7	791
10455	39665	02	9	44	5	663
10455	39665	03	2	48	6	416
10455	39665	04	7	35	4	363
10455	39665	05	13	28	7	451
10455	39665	06	13	77	6	425
10455	39665	07	10	12	14	537
10455	39665	08	9	29	6	364
10455	39665	09	11	27	2	255
10456	86547	01	7	53	10	2361
10456	86547	02	39	60	6	1942
10456	86547	03	22	45	6	1419
10456	86547	04	7	39	7	1186
10456	86547	05	17	12	1	1310
10456	86547	06	5	28	8	1220
10456	86547	07	3	33	7	1080
10456	86547	08	5	64	24	1250
10456	86547	09	15	42	19	954
10456	86547	10	24	37	2	254
10457	70496	01	24	21	3	2094
10457	70496	02	35	41	3	1902
10457	70496	03	12	36	20	1324
10457	70496	04	12	34	7	1110
10457	70496	05	11	51	7	1197
10457	70496	06	1	41	7	1026
10457	70496	07	12	36	12	1119
10457	70496	08	15	25	4	1300
10457	70496	09	3	41	2	803
10457	70496	10	18	58	1	234
10458	79492	01	16	56	20	2782
10458	79492	02	65	83	31	2718
10458	79492	03	19	90	19	1942
10458	79492	04	19	42	24	1484
10458	79492	05	2	39	21	1389
10458	79492	06	11	95	21	1264
10458	79492	07	7	85	26	1179
10458	79492	08	6	134	14	1382
10458	79492	09	5	104	6	915
10458	79492	10	7	90	6	297
10459	47308	01	7	38	7	1077
10459	47308	02	18	19	5	1061
10459	47308	03	7	42	2	805
10459	47308	04	12	46	7	676
10459	47308	05	3	11	2	686
10459	47308	08	13	25	1	661
10459	47308	09	15	60	6	503
10460	57311	01	6	23	3	1651
10460	57311	02	20	31	6	1298
10460	57311	03	4	15	6	993
10460	57311	05	1	12	5	777
10460	57311	06	3	32	4	703
10460	57311	07	2	16	5	688
10460	57311	08	3	46	4	882
10460	57311	09	3	30	1	509
10461	50502	01	2	29	26	704
10461	50502	02	7	68	50	589
10461	50502	03	5	37	16	378
10461	50502	10	2	76	1	57
10462	75784	01	4	14	7	1531
10462	75784	02	15	64	16	1405
10462	75784	03	2	86	10	1031
10462	75784	07	12	55	8	922
10462	75784	08	5	79	6	767
10462	75784	10	4	61	3	165
10463	67970	01	10	52	5	1233
10463	67970	02	5	59	12	1278
10463	67970	03	3	55	8	761
10463	67970	04	6	64	7	735
10463	67970	05	9	50	27	811
10463	67970	06	2	60	7	665
10463	67970	07	5	24	10	727
10463	67970	08	20	90	9	638
10463	67970	09	16	47	18	498
10463	67970	10	8	38	4	138
10465	42230	02	7	22	3	115
10465	42230	10	2	23	3	37
10466	67813	01	2	62	4	1135
10466	67813	02	16	19	7	1007
10466	67813	03	35	32	3	633
10466	67813	05	8	22	11	714
10466	67813	07	1	30	7	731
10466	67813	09	4	65	12	547
10466	67813	10	1	25	3	114
10467	97060	01	10	40	6	2927
10467	97060	02	29	68	10	2584
10467	97060	03	19	87	14	1840
10467	97060	04	4	58	10	1419
10467	97060	06	25	105	5	1346
10467	97060	07	2	21	10	1447
10467	97060	08	6	53	1	1383
10467	97060	09	23	41	6	1004
10467	97060	10	24	72	1	330
10468	76103	01	14	24	7	2663
10468	76103	02	24	52	1	2123
10468	76103	03	14	57	7	1546
10468	76103	06	2	84	13	1249
10468	76103	07	12	28	13	1113
10468	76103	08	3	51	4	1274
10468	76103	10	2	71	2	223
10469	66631	01	1	23	3	737
10469	66631	02	13	42	4	441
10469	66631	03	4	49	6	298
10469	66631	07	2	39	4	369
10470	15293	01	7	7	1	385
10470	15293	02	2	18	2	323
10470	15293	09	1	21	3	121
10470	15293	10	1	21	2	59
10472	66358	01	35	34	9	1722
10472	66358	02	50	45	8	1570
10472	66358	03	15	46	7	1223
10472	66358	04	3	62	10	1113
10472	66358	05	17	31	14	1012
10472	66358	06	5	37	7	913
10472	66358	07	10	33	5	914
10472	66358	08	1	65	10	789
10472	66358	09	6	71	4	759
10472	66358	10	1	45	2	217
10473	58519	02	6	11	4	392
10473	58519	03	1	12	3	229
10473	58519	07	1	17	6	332
10473	58519	09	3	25	3	214
10474	12281	01	4	7	3	442
10474	12281	02	5	26	2	422
10474	12281	07	1	4	1	164
11004	14016	07	2	3	1	40
11101	25484	10	2	100	9	35
11103	38780	03	2	102	51	235
11103	38780	04	10	95	44	245
11104	27232	02	2	60	8	246
11104	27232	03	7	46	10	162
11105	36688	02	2	55	16	329
11105	36688	03	3	54	20	147
11105	36688	09	5	64	20	97
11106	38875	01	2	62	29	287
11106	38875	02	10	66	28	269
11106	38875	05	17	42	42	241
11106	38875	10	1	101	6	47
11201	51128	02	1	145	17	169
11201	51128	03	2	160	27	146
11201	51128	06	1	162	33	183
11203	76174	01	2	46	7	1067
11203	76174	02	19	93	7	715
11203	76174	03	22	58	3	803
11203	76174	04	15	52	14	536
11203	76174	05	7	28	15	740
11203	76174	06	4	77	9	668
11203	76174	07	1	73	19	858
11203	76174	08	5	92	13	972
11203	76174	09	18	101	7	498
11203	76174	10	26	35	3	109
11204	78134	02	8	46	5	442
11204	78134	03	2	47	12	352
11204	78134	05	1	34	3	334
11204	78134	06	5	53	10	279
11204	78134	07	2	48	2	252
11204	78134	08	2	83	4	273
11205	40366	03	5	60	8	278
11205	40366	04	2	59	17	535
11206	81677	01	3	69	23	789
11206	81677	02	10	80	29	795
11206	81677	03	17	84	26	473
11206	81677	04	1	53	60	618
11206	81677	05	3	45	200	563
11206	81677	06	4	72	92	739
11206	81677	08	5	59	62	584
11206	81677	10	3	83	27	151
11207	93386	01	11	54	30	1565
11207	93386	02	18	69	18	1328
11207	93386	03	54	54	17	1014
11207	93386	04	21	47	13	962
11207	93386	06	20	86	39	917
11207	93386	07	31	50	20	989
11207	93386	08	26	53	30	930
11207	93386	09	8	82	17	704
11207	93386	10	28	55	1	178
11208	94469	01	2	22	11	1233
11208	94469	02	14	61	1	977
11208	94469	03	19	69	12	794
11208	94469	04	13	48	22	760
11208	94469	05	6	37	23	892
11208	94469	07	11	30	16	915
11208	94469	08	29	77	8	901
11208	94469	09	8	64	5	735
11208	94469	10	13	43	1	160
11209	68853	02	1	61	16	482
11209	68853	03	3	114	34	346
11209	68853	05	1	75	48	409
11210	62008	01	6	40	3	1190
11210	62008	02	1	29	6	766
11210	62008	03	14	35	14	532
11210	62008	04	2	30	5	504
11210	62008	05	7	53	2	568
11210	62008	06	1	47	6	488
11210	62008	07	1	17	3	452
11211	90117	01	1	133	61	724
11211	90117	02	1	121	28	572
11211	90117	03	7	231	45	551
11211	90117	04	3	165	58	442
11211	90117	05	2	125	84	493
11211	90117	06	1	67	64	485
11211	90117	08	2	131	43	344
11212	84500	01	8	30	2	1749
11212	84500	02	11	39	8	1696
11212	84500	03	21	83	7	1097
11212	84500	04	1	47	3	754
11212	84500	05	7	28	11	923
11212	84500	06	7	33	8	878
11212	84500	07	16	55	10	993
11212	84500	08	10	50	6	930
11212	84500	09	4	49	3	521
11212	84500	10	4	85	1	164
11213	63767	01	4	24	13	1731
11213	63767	02	3	81	8	1588
11213	63767	03	12	34	7	908
11213	63767	04	2	34	18	976
11213	63767	06	1	42	9	900
11213	63767	07	7	44	28	1008
11213	63767	08	29	90	32	934
11213	63767	10	14	40	2	137
11214	88630	01	1	58	14	707
11214	88630	03	3	123	9	404
11214	88630	10	1	121	2	99
11215	63488	02	10	133	29	333
11215	63488	03	2	157	38	248
11215	63488	05	1	121	46	255
11215	63488	06	3	135	38	281
11216	54316	01	1	77	30	1366
11216	54316	02	12	73	45	1020
11216	54316	03	22	56	52	942
11216	54316	04	13	63	73	798
11216	54316	05	3	68	65	678
11216	54316	06	3	92	74	843
11216	54316	07	18	53	32	923
11216	54316	08	19	102	38	895
11216	54316	09	10	84	26	526
11216	54316	10	7	47	14	144
11217	35881	01	5	147	36	326
11217	35881	02	1	89	28	228
11218	75220	01	4	69	15	801
11218	75220	02	7	87	11	612
11218	75220	03	3	88	9	596
11218	75220	04	1	54	10	389
11218	75220	06	1	74	8	338
11218	75220	07	4	45	7	390
11218	75220	08	6	82	5	390
11218	75220	10	1	83	4	71
11219	92221	01	3	39	6	535
11219	92221	02	7	65	8	351
11219	92221	03	9	42	2	330
11219	92221	04	2	38	4	235
11219	92221	07	3	34	1	257
11219	92221	08	2	38	9	211
11220	99598	01	2	116	20	739
11220	99598	02	10	182	17	552
11220	99598	03	25	170	20	639
11220	99598	04	1	124	14	748
11220	99598	06	3	199	16	579
11220	99598	07	6	145	17	576
11220	99598	08	1	229	10	396
11220	99598	09	3	166	4	438
11220	99598	10	4	168	3	101
11221	78895	01	12	43	20	1485
11221	78895	02	27	81	21	1279
11221	78895	03	10	36	37	860
11221	78895	04	11	28	71	877
11221	78895	05	10	38	49	1095
11221	78895	07	8	36	18	950
11221	78895	08	2	59	15	1008
11221	78895	09	3	41	19	731
11221	78895	10	18	41	6	180
11222	36934	02	2	59	40	247
11222	36934	04	4	79	26	236
11222	36934	05	3	103	45	264
11223	78731	01	2	83	22	727
11223	78731	02	1	71	11	488
11223	78731	03	3	60	30	394
11223	78731	04	5	82	19	339
11223	78731	05	16	62	19	393
11223	78731	06	2	82	7	374
11223	78731	07	3	65	12	369
11223	78731	08	6	109	5	363
11224	47621	02	1	13	6	363
11224	47621	04	1	21	7	163
11224	47621	05	2	39	6	217
11224	47621	06	1	71	10	180
11224	47621	07	15	14	8	268
11224	47621	09	16	13	1	128
11224	47621	10	2	24	3	49
11225	56829	01	3	51	11	1985
11225	56829	02	9	58	5	1751
11225	56829	03	15	51	19	1079
11225	56829	05	4	56	18	928
11225	56829	06	5	56	14	911
11225	56829	07	16	36	16	971
11225	56829	08	11	77	7	938
11225	56829	09	56	67	8	593
11225	56829	10	19	47	2	172
11226	101572	01	27	107	25	3026
11226	101572	02	13	80	14	2565
11226	101572	03	31	111	21	2016
11226	101572	04	7	128	8	1855
11226	101572	05	8	55	31	1638
11226	101572	06	20	99	17	1590
11226	101572	07	16	63	24	1525
11226	101572	08	21	134	20	1770
11226	101572	09	38	75	11	933
11226	101572	10	33	89	2	324
11228	41788	03	1	5	8	60
11228	41788	05	1	32	4	56
11229	80018	01	2	56	6	685
11229	80018	02	2	33	2	510
11229	80018	03	2	47	5	501
11229	80018	04	1	78	9	442
11229	80018	10	1	61	1	62
11230	86408	03	10	26	7	539
11230	86408	04	1	58	6	593
11230	86408	05	2	64	8	500
11232	28265	01	2	39	7	326
11232	28265	02	6	58	5	217
11232	28265	03	16	54	9	196
11232	28265	05	3	46	7	183
11232	28265	06	6	63	9	138
11232	28265	08	1	40	2	153
11232	28265	10	4	39	1	29
11233	67053	01	3	20	6	1480
11233	67053	02	32	24	5	1353
11233	67053	03	32	58	7	853
11233	67053	04	8	42	4	827
11233	67053	05	3	17	8	985
11233	67053	06	2	35	9	902
11233	67053	07	1	22	11	910
11233	67053	09	2	44	5	503
11233	67053	12	28	14	1	2
11234	87757	02	4	40	23	244
11234	87757	03	19	98	39	219
11234	87757	06	1	44	25	364
11234	87757	07	1	34	19	395
11235	79132	02	7	62	12	739
11235	79132	03	14	67	17	588
11235	79132	07	1	102	18	390
11236	93877	01	2	40	5	521
11236	93877	02	4	45	5	441
11236	93877	03	16	78	8	366
11236	93877	04	3	60	6	303
11236	93877	07	7	54	12	643
11236	93877	09	2	37	19	404
11237	49896	01	1	94	44	813
11237	49896	02	20	100	47	750
11237	49896	03	59	104	49	589
11237	49896	04	20	53	70	610
11237	49896	06	10	105	46	621
11237	49896	07	9	93	31	644
11237	49896	08	10	107	66	658
11237	49896	09	16	102	93	500
11237	49896	10	1	97	20	120
11238	49262	03	8	124	78	523
11238	49262	04	1	105	97	527
11238	49262	06	10	121	85	621
11238	49262	08	21	84	32	628
11238	49262	09	2	78	63	387
11238	49262	10	1	92	13	100
11354	54878	04	2	135	5	175
11354	54878	06	1	165	14	130
11355	85871	05	1	104	14	268
11358	37546	02	2	69	2	97
11358	37546	05	2	75	3	108
11361	28606	06	1	16	4	59
11367	41047	07	9	13	5	96
11368	109931	01	2	138	7	778
11368	109931	02	10	120	7	548
11368	109931	03	4	94	22	420
11368	109931	04	1	116	21	395
11368	109931	10	2	97	4	86
11372	66636	01	3	175	16	500
11372	66636	03	2	144	25	298
11372	66636	04	1	212	33	294
11372	66636	08	1	148	24	257
11372	66636	10	6	148	4	72
11373	100820	01	1	114	8	816
11373	100820	02	3	141	6	895
11373	100820	03	9	112	13	778
11373	100820	04	1	116	12	588
11373	100820	05	2	99	11	350
11373	100820	09	6	81	9	251
11373	100820	10	1	88	2	76
11375	68733	03	2	66	13	266
11375	68733	04	1	103	16	187
11375	68733	05	1	87	14	209
11377	89830	03	1	78	15	335
11377	89830	04	1	73	14	309
11379	34821	01	4	14	3	141
11385	98592	02	1	126	27	610
11385	98592	03	6	127	39	494
11385	98592	05	1	114	48	457
11385	98592	07	1	92	32	536
11385	98592	10	7	113	5	142
11385	98592	12	51	99	1	1
11412	34882	05	1	11	1	186
11412	34882	07	42	13	4	167
11417	28967	05	3	26	6	112
11418	36256	01	2	54	29	189
11418	36256	04	2	23	12	202
11418	36256	08	1	36	5	278
11418	36256	10	2	36	3	36
11419	47211	04	1	26	14	200
11419	47211	05	1	38	11	258
11419	47211	10	2	53	2	37
11420	44354	03	2	26	9	159
11421	39127	06	1	24	5	261
11421	39127	07	6	22	6	231
11426	17590	07	1	21	2	28
11429	25105	03	1	18	2	96
11432	60809	03	1	106	12	281
11432	60809	08	3	99	5	189
11432	60809	09	2	93	3	195
11433	32687	01	1	14	6	329
11433	32687	05	3	8	16	172
11433	32687	08	2	12	13	297
11434	59129	03	1	46	4	192
11434	59129	05	1	42	11	273
11434	59129	06	7	47	12	266
11435	53687	05	1	51	2	277
11436	17949	06	1	4	1	165
11691	60035	07	3	3	3	431
11691	60035	10	1	18	1	106
11694	20408	06	1	6	43	131
